0.5491649860989543,0.0669171445832642,-0.5178036635453694,0.6380981168975127,0.16471580425570315,0.22761564303032059,-0.9456002597041793,0.5685930114075332,0.7086448013489919,-0.1345391608890949
-0.8522267777923835,1.1804816846582702,0.49393226932876366,-0.8537102974274627,1.2384960471884505,-0.465871450927338,0.10145568567542228,-2.0725772709933423,-1.6936727369597129,0.6539133459588755
-0.8649667029186685,1.163861318388494,0.49393226932876366,-0.9034372445716286,2.670203037765447,-0.49997737358099337,0.05386223361271311,-1.9577437804541737,-1.6936727369597129,0.739809797924427
-0.8649667029186685,1.163861318388494,0.48216789801627374,-0.9034372445716286,3.743983280698194,-0.522714655350097,0.022133265570907005,-1.7280767993758368,-1.6078756820201163,0.7744247860299471
-0.9668861039289476,0.5655281326765506,-0.05899318235826257,1.1353675883391712,0.5226425518999522,0.44361981983680443,-1.2946189081640465,0.2240925397900277,0.8230408746017874,-1.1819630602302202
-1.0560655798129417,0.18325970847169767,-0.40015995042047026,0.24028253974418595,0.16471580425570315,-0.27260455588995774,1.4182078594103757,0.5685930114075332,0.3082585449642078,-1.3883709522668435
-0.9923659541815173,1.014278021960508,0.34099544226639467,-1.450433663157453,3.386056533053945,0.6823612784123918,-0.7076329993906335,-2.0725772709933423,-1.6936727369597129,0.3616090019567009
-1.0815454300655116,-1.295952889538385,0.9174496365784007,2.1299065312224883,-0.9090644386770442,-1.5231550531906537,1.7989554759120492,-0.407491658175399,0.5084516731565999,0.07058669455102771
-0.9923659541815173,-1.295952889538385,1.0350933497033,0.33973643403251763,-0.9090644386770442,-1.1252526222313413,2.417670352727268,-0.29265816763623054,0.07946639845861683,-0.4268435048912695
0.9441026650137858,-1.295952889538385,-0.10605066760822225,0.8370059054741761,-0.9090644386770442,0.12529787506935458,-0.27929193082625103,0.10925904925085919,0.07946639845861683,0.31032753809667046
-1.0815454300655116,0.46580593505789325,-0.15310815285818194,0.538644222609181,0.5226425518999522,-1.5117864123061018,2.274889996539141,0.7408432472162859,0.6514467647225942,-1.2845259879502815
-1.043325654686657,0.5156670338672219,-0.11781503892071217,-0.20725998455330671,-0.5511376910327951,-1.3185195172687216,2.5763151929362986,0.6547181293119095,0.47985265484340095,-1.0268366320536275
-1.1197652054443663,0.8646947255325222,0.2115873578290056,0.886732852618342,-0.9090644386770442,-1.6936846664589302,1.529259247556697,0.8556767377554544,0.9946349844809805,-0.598636408822372
1.5810989213280302,-1.295952889538385,-1.753062651356811,1.8315448483574932,-0.9090644386770442,0.8528908916806686,-0.7710909354742457,-0.12040793182747779,0.25106050833781,-0.2729991133111782
1.835897423853728,-1.295952889538385,-1.753062651356811,-0.35644082598580423,-0.5511376910327951,1.4667974994464648,-0.1523760586590266,-0.407491658175399,-0.4067169128657639,-0.4614584929967906
-0.9031864782975231,0.6320095977556554,-0.00017132579581297298,-1.102345033148292,2.312276290121198,0.7846790463733578,-0.3110208988680571,0.6260097566771174,0.2796595266510089,-0.25505060096016746
-0.9796260290552324,-1.295952889538385,1.0586220923282799,0.14082864545585425,-0.9090644386770442,1.341742449716395,-0.8821423236205671,-0.6945753845233202,-0.8357021875637469,-0.9935036805446079
0.8294433388772218,0.46580593505789325,-0.15310815285818194,0.4391903283208493,0.8805692995442014,-1.5231550531906537,0.41874536609348334,0.7982599924858702,1.080432039420577,0.6372468702043652
1.0205422157714952,-1.295952889538385,-0.0707575536707525,-1.450433663157453,0.5226425518999522,0.3413020518758384,1.0215957588877995,0.2815092850596119,-0.08068810409529667,1.7000552087034995
0.8421832640035067,0.31622263862990735,-1.753062651356811,1.0856406411950055,0.16471580425570315,0.5459375877977705,-0.866277839599664,-0.3500749129058148,-0.0635286931073775,-0.8729922404735359
0.9568425901400707,0.366083737439236,-1.753062651356811,-0.058079143120809154,0.5226425518999522,0.8528908916806686,-0.5489881591816029,0.2240925397900277,-0.03492967479417864,-0.8037622642624946
1.0205422157714952,-1.295952889538385,-0.0707575536707525,1.0359136940508396,0.5226425518999522,-1.1025153404622376,1.0215957588877995,-0.5797418939841518,-0.20652378467337185,0.01930523069099638
-1.043325654686657,1.6957130390213329,-1.753062651356811,-0.7045294559949652,0.8805692995442014,1.0006832231798417,0.2759650099053559,-2.0725772709933423,-1.6936727369597129,-2.2460534353258557
-1.0688055049392267,1.6624723064817803,-1.753062651356811,-0.25698693169747255,0.8805692995442014,0.8756281734497721,0.14904913773813144,-0.0055744412883093,-0.20652378467337185,-2.416564302660457
-1.1197652054443663,0.8646947255325222,0.2115873578290056,-1.152071980292458,0.8805692995442014,-0.0111258155452668,0.7201705624906414,-2.0725772709933423,-1.6936727369597129,0.08725317030553709
-1.145245055696936,0.8314539929929698,0.1762942438915358,-0.7045294559949652,1.2384960471884505,-0.14754950615988816,0.5615257222816108,0.6547181293119095,0.1938624717114123,-0.34094705292571803
0.9950623655189254,0.5489077664067743,-0.08252192498324241,0.9861867469066736,0.5226425518999522,-1.1479899040004449,-0.850413355578761,0.7982599924858702,1.1662290943601739,0.7744247860299471
0.8294433388772218,0.46580593505789325,-0.15310815285818194,0.538644222609181,-0.9090644386770442,-0.14754950615988816,-1.421534780331271,0.9705102282946229,1.1662290943601739,0.43083897816774214
0.8676631142560765,0.48242630132766945,-0.141343781545692,0.19055559260002009,-0.9090644386770442,-0.0679690199680257,-1.3422123602267557,-0.23524142236664627,-1.3504845172013265,0.6705798217133858
1.0715019162766346,-1.295952889538385,0.14100112995406605,0.4889172754650152,-0.9090644386770442,-0.3749223238509238,0.2759650099053559,0.39634277559878045,0.8230408746017874,0.6539133459588755
1.160681392160629,-1.295952889538385,0.1762942438915358,-0.35644082598580423,-1.2669911863212933,-0.15891814704443996,0.5456612382607078,0.6834265019467016,0.5942487280961964,1.2539064731212337
1.5173992956966058,-1.295952889538385,0.34099544226639467,1.6326370597808297,-0.9090644386770442,-1.1252526222313413,-0.2951564148471541,0.2240925397900277,1.080432039420577,1.0141656295755908
1.733978022843449,-1.295952889538385,0.446874784078804,-0.3067138788416384,-0.5511376910327951,-0.6818756277338218,0.2759650099053559,0.769551619851078,0.7486834269874705,2.129537468531256
0.5619049112252391,0.18325970847169767,-0.40015995042047026,0.24028253974418595,0.16471580425570315,-1.4208372852296876,1.3864788913685697,0.9705102282946229,1.0518330211073783,-0.06659122127455419
-1.1834648310757907,1.479648277514242,0.7645128095160318,1.4337292712041663,-0.9090644386770442,-2.0006379703418284,0.2759650099053559,1.0853437188337913,1.1662290943601739,-0.2037691371001361
0.5746448363515241,0.3494633711694598,-0.2589874946705912,-0.6548025088507994,1.5964227948326997,-0.8410366001175468,0.7994929825951567,0.8843851103902465,0.8516398929149862,0.961602129119059
0.2816265584469716,-0.032805053035393064,-0.6119186340452888,-0.15753303740914085,-0.19321094338854597,-0.5568205780037523,1.2912919872431514,0.5685930114075332,0.25106050833781,-0.3755620410312391
-0.8267469275398138,1.1971020509280466,-1.753062651356811,-0.754256403139131,1.2384960471884505,1.5804839082919826,-0.16824054267992963,-0.407491658175399,-1.6936727369597129,-2.279386386834875
-0.915926403423808,-1.295952889538385,1.1409726915157092,-1.152071980292458,-0.5511376910327951,1.7169075989066038,-0.5331236751606999,0.10925904925085919,-0.37811789455256506,-0.1345391608890949
-0.9414062536763778,-1.295952889538385,1.1056795775782395,-0.8537102974274627,0.8805692995442014,1.5691152674074307,-0.6600395473279244,0.33892603032919616,0.42265461821700323,-0.2896655890656876
-1.0815454300655116,1.6458519402120042,0.9174496365784007,0.5883711697533469,0.8805692995442014,-1.50041777142155,-0.3903433189725724,-1.785493544645421,-1.6936727369597129,-0.04864270892354432
-0.9668861039289476,1.0475187545000606,0.3762885562038645,1.8315448483574932,0.8805692995442014,-0.9888289316167199,-0.8980068076414701,0.5685930114075332,0.8802389112281851,-0.3242805771712087
-0.8904465531712382,1.1306205858489418,0.4586391553912939,0.29000948688835176,0.8805692995442014,-0.6250324233110629,-0.4696657390770877,-0.5797418939841518,-0.6641080776845537,-0.3242805771712087
0.7784836383720822,0.44918556878811705,-1.753062651356811,0.3894633811766835,-0.9090644386770442,-0.28397319677450955,0.9105443707414781,0.6834265019467016,0.5370506914697987,-1.079400132510159
0.8676631142560765,0.48242630132766945,-1.753062651356811,-0.5553486145624676,-0.9090644386770442,-0.05660037908347392,1.1961050831177331,-1.7280767993758368,-1.6936727369597129,-0.6499178726824029
1.1224616167817743,0.7982132604534175,-1.753062651356811,0.6380981168975127,-0.9090644386770442,-0.261235915005406,-0.04132467051270521,-0.06299118655789354,-0.09212771142057638,-0.5473549449623416
0.6383444619829485,0.2331208072810263,-0.3648668364830005,0.4889172754650152,0.16471580425570315,-0.0111258155452668,-0.9614647437250824,0.8556767377554544,0.8230408746017874,0.17314962227108857
0.7275239378669427,0.2663615398205787,-0.32957372254553075,-0.45589472027413597,0.16471580425570315,0.22761564303032059,-0.6917685153697304,0.7982599924858702,0.6514467647225942,0.8936541895045182
1.3008205685497627,-1.295952889538385,0.24688047176647535,-1.8482492403107798,-0.9090644386770442,0.18214107949211347,1.0533247269296055,-2.0725772709933423,-1.6936727369597129,2.8833749872737062
1.2243810177920533,-1.295952889538385,0.2115873578290056,-1.152071980292458,-0.9090644386770442,0.00024282533928498117,0.8312219506369628,0.39634277559878045,-0.4353159311789628,2.129537468531256
1.147941467034344,-1.295952889538385,0.1645298725790459,-0.45589472027413597,0.16471580425570315,-0.20439271058264707,0.5773902063025139,0.6260097566771174,0.5942487280961964,1.2372399973667234
1.4282198198126117,0.9644169231511796,-1.753062651356811,1.3840023240600006,0.8805692995442014,-1.295782235499618,0.11732016969632533,0.33892603032919616,0.6514467647225942,-0.5127399568568209
1.6065787715806001,1.0641391207698367,-1.753062651356811,-0.20725998455330671,0.8805692995442014,-0.9433543680785128,0.6091191743443201,-1.1539093466799943,-1.1216923706957356,0.05392021879651744
1.0078022906452102,-1.295952889538385,-0.08252192498324241,1.0359136940508396,0.5226425518999522,0.31856477010673484,-0.9456002597041793,0.6834265019467016,0.7086448013489919,0.32699401385118076
1.173421317286914,-1.295952889538385,-0.00017132579581297298,-0.5553486145624676,-0.19321094338854597,0.7619417646042543,-0.4855302230979907,0.2815092850596119,0.680045783035793,1.2026250092612032
-0.9031864782975231,1.9117778005284236,-1.753062651356811,0.538644222609181,1.2384960471884505,-0.7159815503874772,1.2436985351804422,0.5685930114075332,0.022268361832219096,-2.160156983360304
0.9823224403926405,0.532287400136998,-1.753062651356811,-0.4061677731299701,0.5226425518999522,0.22761564303032059,0.4028808820725803,0.4537595208683647,-0.5497120044317583,-0.5819699330678622
1.0587619911503499,0.764972527913865,-1.753062651356811,0.3894633811766835,0.8805692995442014,-0.4317655282736827,0.29182949392625895,0.4537595208683647,-0.03492967479417864,-0.8217107766135054
-1.1070252803180813,0.8813150918022985,0.2233517291414955,0.9861867469066736,-0.9090644386770442,0.07982331153114744,-1.0725161318714038,0.7982599924858702,1.109031057733776,-1.2332445240902508
-1.145245055696936,0.8314539929929698,0.1762942438915358,1.9807256897899908,-0.9090644386770442,-0.17028678792899174,-1.3263478762058527,0.6834265019467016,0.8802389112281851,-0.8383772523680153
0.6128646117303787,-1.295952889538385,-0.3766312077954904,0.3894633811766835,0.16471580425570315,-0.10207494262168104,0.9422733387832841,0.10925904925085919,-0.09212771142057638,-0.4268435048912695
0.7402638629932276,-1.295952889538385,-0.32957372254553075,-1.0028911388599604,-0.5511376910327951,0.2730902065685277,1.4182078594103757,0.5111762661379489,-0.0635286931073775,0.49878691778228285
0.8804030393823614,0.48242630132766945,-1.753062651356811,0.6380981168975127,0.5226425518999522,-0.03386309731437036,0.08559120165451922,0.7982599924858702,0.7658428379753897,-0.9935036805446079
0.7784836383720822,0.43256520251834085,-1.753062651356811,1.6823640069249957,0.16471580425570315,-0.3067104785436131,-0.23169847876354185,0.5685930114075332,1.109031057733776,-0.7191478488934441
0.4472455850886751,0.13339860966236905,-0.44721743567042993,-0.10780609026497501,-0.9090644386770442,-0.5795578597728558,0.7994929825951567,1.0279269735642071,0.5942487280961964,0.17314962227108857
-0.9031864782975231,-1.295952889538385,1.164501434140689,-1.102345033148292,1.2384960471884505,1.7851194442139144,-0.8980068076414701,0.33892603032919616,0.07946639845861683,-0.08325769702906446
-0.8904465531712382,-1.295952889538385,1.188030176765669,-1.450433663157453,1.2384960471884505,1.876068571290329,-0.8186843875369548,-0.0055744412883093,-0.09212771142057638,0.20776461037660873
-0.8140070024135289,-1.295952889538385,1.305673889890568,-0.7045294559949652,1.5964227948326997,-0.28397319677450955,1.3864788913685697,0.33892603032919616,0.25106050833781,0.5513504182388147
1.147941467034344,0.8148336267231937,0.1762942438915358,0.6878250640416785,-0.9090644386770442,-1.8528456388426553,-0.26342744680534796,-1.8429102899150052,-1.6936727369597129,1.3231364493322748
1.3517802690549023,0.9311761906116272,-1.753062651356811,1.234821482627503,-0.9090644386770442,-1.4549432078833429,0.7518995305324475,0.9130934830250387,0.8230408746017874,-0.5306884692078317
0.5873847614778089,0.19988007474147387,-0.38839557910798034,-0.8537102974274627,0.16471580425570315,-0.15891814704443996,0.4504743341352895,-2.0725772709933423,-1.6936727369597129,1.0308321053301002
1.0587619911503499,0.5655281326765506,-1.753062651356811,1.1353675883391712,0.5226425518999522,-1.0229348542703753,0.7836284985742537,0.5685930114075332,0.47985265484340095,-1.0101701562991179
1.173421317286914,0.6320095977556554,-1.753062651356811,-0.058079143120809154,0.5226425518999522,-0.7500874730411325,1.1643761150759269,0.8556767377554544,0.9946349844809805,-0.8037622642624946
0.8167034137509369,0.46580593505789325,-0.15310815285818194,0.4889172754650152,-0.9090644386770442,-1.557260975844309,0.6091191743443201,0.6834265019467016,-0.1493257480469741,0.6705798217133858
-1.0688055049392267,0.46580593505789325,-0.141343781545692,0.5883711697533469,-0.9090644386770442,-0.10207494262168104,0.4028808820725803,0.6834265019467016,0.9946349844809805,-1.0447851444046383
-1.030585729560372,0.5156670338672219,-0.11781503892071217,-0.20725998455330671,-0.9090644386770442,0.09119195241569923,0.6408481423861261,0.6260097566771174,0.5084516731565999,-0.9409401800880766
-0.9031864782975231,-1.295952889538385,0.446874784078804,-1.052618086004126,0.8805692995442014,1.2053187591017738,0.7836284985742537,-0.6945753845233202,-0.6069100410581559,-0.4447920172422803
0.3962858845835356,0.00043567950415935696,-0.576625520107819,0.19055559260002009,0.16471580425570315,-0.22712999235175063,0.3394229459889681,0.5685930114075332,0.7944418562885885,-0.23838412520565716
-1.145245055696936,-1.2726843767606983,0.577459305647442,-1.1073177278627082,-1.4817472349078427,1.8863003480864264,0.6487803843965777,-0.20653304973185416,-1.0644943340693378,-0.6678663850334137
-1.1312311380580227,-1.2859806697765195,0.7115731386098272,-0.4161131625588027,-1.410161885378993,1.2746674684975399,0.786801395378435,0.6260097566771174,0.1938624717114123,-0.7191478488934441
-1.1439710631843076,-1.226147351205325,0.7868651150097628,-0.16250573212355715,-1.374369210614568,1.8817528917326047,-0.468079290674997,0.7408432472162859,0.42265461821700323,-1.2332445240902508
-1.1439710631843076,-1.0998325675550258,0.9068617023971598,0.5286988331803484,-1.302783861085718,1.5566097624344235,-0.8853152204247484,0.33892603032919616,0.8230408746017874,-1.2511930364412616
-0.8878985681459814,-1.2909667796574522,1.0703864636407696,1.8066813747854102,0.23630115378455271,-1.1707271857695485,1.610168116063303,0.6834265019467016,1.4522192774921625,0.01930523069099638
-1.1426970706716792,-0.7890317183102107,1.0586220923282799,-1.3808159371556206,-1.1596131620280186,1.6418745690685632,0.04910288840644292,0.3676344029639883,-0.20652378467337185,0.03597170644550666
-1.1426970706716792,-0.5513604806524108,1.0103881699470711,-1.2863347375817051,-1.0880278124991687,1.8601524740519553,-0.564852643202506,0.6260097566771174,0.16526345339821344,-0.2896655890656876
-1.1388750931337936,-0.2804485104550586,1.0574456551970308,-0.7293929295670482,-1.0164424629703188,1.5202301116038586,-0.9233899820749154,0.7408432472162859,0.5942487280961964,-0.6499178726824029
-1.1032033027801957,0.22979673402707101,1.0680335893782718,0.18061020317118748,-0.8374790891481944,0.9188290088110683,-1.4675417839918894,0.7982599924858702,0.3082585449642078,-1.1473480721246996
-0.4534671213396664,-1.2909667796574522,1.0703864636407696,1.8414902377863258,0.12892312949127835,-1.1752746421233689,1.137406492240391,0.9705102282946229,1.6238133873713556,0.31032753809667046
-1.012749834383573,0.5472457297797968,1.0668571522470225,-1.4454609684430366,-0.7301010648549197,1.3212788961242024,-1.1486656551717376,-0.9816591108712415,-1.26468746226173,0.24109756188562928
-1.0140238268962014,0.5555559129146849,1.056269218065782,-1.4852425261583684,-0.7301010648549197,1.3133208475050155,-1.0963128579027583,-0.407491658175399,-0.7499051326241504,0.2757125499911494
-0.9490502087521486,0.7333938320012902,1.0703864636407696,-0.858682992141879,-0.6585157153260698,0.9415662905801719,-1.3818735702790133,-0.407491658175399,-0.46391494949216167,-0.06659122127455419
-0.8229249500019282,1.0840835602935681,1.050387032409537,0.16071942431352088,-0.5153450162683703,-0.008852087368355927,-1.3802871218769226,-0.12040793182747779,-1.293286480574929,-0.41017702913675924
0.9415546799885289,-1.2926288162844297,1.0680335893782718,1.9508895215034914,-0.08583291909527098,-1.1809589625656447,-0.3855839737663022,0.7982599924858702,1.6238133873713556,1.0821135691901307
-0.7375674516558196,1.3982084827923384,1.0527399066720349,-1.5498875574457847,-0.40796699197509534,0.7880896386387228,-1.5579693429110375,-2.0725772709933423,-1.6936727369597129,0.7051948098189059
-0.7273755115547915,1.3350510909671893,1.0645042779845248,-1.5299967785881181,-0.40796699197509534,0.7801315900195374,-1.5151352360545987,-2.0725772709933423,-1.6936727369597129,0.739809797924427
-0.5808663726025153,1.2536112962452857,1.0609749665907777,-0.9034372445716286,-0.3721743172106705,0.41178762536006,-1.565901584921489,-2.0725772709933423,-1.6936727369597129,0.6372468702043652
-0.18210671614979845,0.5804864623193492,1.0586220923282799,0.07618361416843807,-0.40796699197509534,0.00024282533928498117,-1.4358128159500834,1.0853437188337913,0.8230408746017874,0.396223990062222
0.8332653164151074,-1.295952889538385,1.0692100265095208,1.9409441320746574,-0.08583291909527098,-1.1786852343887353,-0.2650138952074386,0.7982599924858702,1.5666153507449578,1.0308321053301002
0.23448883547971763,0.3827041037090122,1.0597985294595287,-1.4056794107277033,-0.30058896768182064,0.7983214154348205,-1.5706609301277592,-2.0725772709933423,-1.6936727369597129,1.785951660669051
0.23066685794183203,0.3827041037090122,1.0692100265095208,-1.3957340212988707,-0.30058896768182064,0.749436259631247,-1.5151352360545987,-1.8429102899150052,-1.6936727369597129,1.8192846121780706
0.368258049305709,0.16663934220192145,1.0656807151157737,-1.0874269490050417,-0.33638164244624574,0.6243812099011775,-1.484992716414883,-2.0725772709933423,-1.6936727369597129,1.8538996002835917
0.8561971816424203,-0.6161799091045381,1.0692100265095208,-0.15753303740914085,-0.3721743172106705,0.28332198336462405,-1.392978709093646,1.0853437188337913,0.9946349844809805,1.68338873294899
1.5135773181587202,-1.2942908529114074,0.87156858845969,0.563507696181264,0.3794718528422525,-1.1116102531698786,0.2934159423283496,1.257593954642544,1.6238133873713556,1.6321072690889598
